16 127 0
14 140 0
14 140 0
10 91 1
10 91 1
6 117 0
6 117 0
18 140 0
18 140 0
15 155 0
15 155 0
7 155 0
7 155 0
6 118 0
6 118 0
6 112 0
6 112 0
5 60 0
5 60 0
7 74 0
7 74 0
7 159 0
7 159 0
6 139 0
6 139 0
9 83 1
9 83 1
9 83 1
11 110 1
11 110 1
9 75 1
9 75 1
9 92 1
9 92 1
12 120 1
12 120 1
9 89 1
9 89 1
4 17 1
4 17 1
15 188 1
15 188 1
14 162 1
14 162 1
14 142 1
14 142 1
8 62 1
8 62 1
11 120 1
11 120 1
6 48 1
6 48 1
8 73 1
8 73 1
6 64 1
6 64 1
6 64 1
10 116 1
10 116 1
8 79 1
8 79 1
8 64 1
8 64 1
15 139 1
15 139 1
17 191 1
17 191 1
8 61 1
8 61 1
17 77 1
17 77 1
8 60 1
8 60 1
13 119 1
13 119 1
12 126 1
12 126 1
10 92 1
10 92 1
16 185 1
16 185 1
15 200 1
15 200 1
10 112 1
10 112 1
6 124 0
6 124 0
10 165 0
10 165 0
11 171 0
11 171 0
7 242 0
7 242 0
24 184 0
24 184 0
7 144 0
7 144 0
5 153 0
5 153 0
8 123 0
8 123 0
7 115 0
7 115 0
6 112 0
6 112 0
6 121 0
6 121 0
6 115 0
6 115 0
6 136 0
